61
51
45
59
85
52
40
46
37
25
50
56
44
17
41
42
34
54
43
52
53
6
49
57
29
34
56
33
58
69
50
60
59
66
97
20
81
72
63
47
43
28
27
43
31
34
38
69
63
49
52
19
53
62
72
59
66
12
70
45
91
80
66
33
94
47
46
62
37
4
22
49
30
47
65
77
33
88
50
61
56
67
30
59
4
46
95
65
22
38
49
67
40
60
49
40
69
49
42
56
73
19
35
48
46
33
66
60
65
44
54
78
35
29
72
4
85
46
39
2
50
80
47
50
20
70
77
78
74
72
67
20
67
20
20
84
43
57
26
68
26
55
48
1
60
55
54
24
62
20
57
37
75
5
16
67
71
45
28
52
50
53
96
71
27
55
36
22
16
58
64
45
71
58
7
70
59
16
54
65
76
32
54
43
61
2
21
53
34
71
34
37
24
68
38
32
63
76
54
58
49
26
29
80
5
43
47
45
57
71
80
36
49
47
8
32
96
38
40
34
64
55
79
71
34
68
63
70
38
23
33
74
49
63
40
35
43
7
26
60
53
56
68
66
38
31
29
38
31
58
32
53
71
49
65
27
56
34
51
10
71
54
63
49
57
60
26
43
41
51
57
61
55
53
49
58
26
36
81
24
69
43
46
45
35
41
30
51
57
77
45
56
68
32
40
63
50
44
31
93
51
16
54
44
54
57
12
54
60
71
65
53
65
56
94
29
39
45
26
90
26
34
25
44
39
41
21
31
94
33
64
53
28
42
49
69
51
60
40
23
60
38
68
37
40
61
5
54
27
40
40
94
41
57
39
28
83
37
32
20
50
41
46
72
31
23
39
65
56
59
33
40
22
74
52
52
7
38
23
84
60
29
49
54
34
62
65
52
50
68
63
49
53
11
30
38
48
54
32
55
61
28
40
69
47
35
50
29
41
67
48
7
34
47
14
37
86
33
80
69
47
44
40
9
56
21
72
24
37
51
37
35
83
29
34
52
11
76
8
41
83
42
55
47
78
27
78
59
55
61
37
65
57
44
38
73
41
60
37
57
61
18
20
39
30
43
43
70
70
29
37
93
57
61
46
38
37
59
63
49
32
75
27
43
61
37
54
49
77
41
37
71
48
54
46
60
55
84
63
42
