85
98
79
79
73
87
63
13
73
61
55
66
18
60
47
61
35
74
51
22
9
38
92
51
85
89
67
31
29
23
66
49
60
30
96
6
58
29
26
24
86
2
8
88
12
47
36
42
16
33
94
71
39
75
45
15
83
66
43
27
84
12
85
6
73
44
45
47
43
42
88
70
71
18
94
88
24
69
55
27
97
90
59
83
47
6
86
65
64
36
90
99
77
67
52
40
60
87
73
85
65
93
63
50
27
89
66
97
96
27
26
39
11
64
76
45
49
40
58
88
94
49
80
61
22
77
84
90
6
27
80
28
92
32
87
94
25
63
54
81
2
18
85
29
19
85
34
35
78
97
25
43
34
25
13
48
68
2
28
38
41
100
70
12
62
38
96
24
41
53
42
44
8
84
20
53
12
80
89
23
95
31
58
82
7
68
87
52
41
84
12
24
29
88
3
65
19
91
52
17
26
47
61
41
19
53
22
51
42
53
74
66
19
79
79
16
48
57
42
48
25
89
2
73
31
38
71
37
100
15
85
87
61
89
14
18
21
66
61
29
70
74
93
90
22
93
61
83
33
24
25
68
45
78
49
32
34
33
44
53
87
3
32
28
32
57
40
57
43
72
99
28
97
53
45
57
16
46
84
62
98
21
28
81
98
80
29
34
68
55
81
6
65
58
55
88
93
87
35
91
96
77
86
86
22
45
62
66
77
34
60
50
45
55
10
16
27
5
96
93
33
10
100
30
34
81
91
7
64
38
36
66
95
17
85
43
14
17
84
80
12
63
35
41
37
78
32
53
41
53
65
34
63
12
93
46
52
60
71
55
45
37
82
12
10
63
52
89
83
63
76
39
57
85
97
92
77
45
18
3
53
97
78
26
32
80
33
4
45
6
